S
G    0.        0.        0.
R    0.5       0.5       0.5
X    0.        0.5       0.
M    0.5       0.5       0.
B
G    0.        0.        0.
H    0.        0.        1.
P    0.5       0.5       0.5
N    0.        0.5       0.5
F
G    0.        0.        0.
X    0.        1.        0.
L    0.5       0.5       0.5
W    0.5       1.        0.
U    0.25      1.        0.25
K    0.75      0.75      0.
H
G    0.        0.        0.
A    0.        0.        0.5
K    0.666667  0.333333  0.
H    0.666667  0.333333  0.5
M    0.5       0.        0.
L    0.5       0.        0.5